png 200 200 smallbunnyboth.png
color 1 1 1
bulb 0.15 0.65 0.45
eye 0 .1 .175
stencil_ring_samples 10
outline_cutoff .1
stencil_radius 0.25
stencil_rings 1
color 1 0 1
g default
objectID 0
object_type 1
v -0.008134 0.117904 0.087341
v -0.013789 0.125563 0.026718
v 0.004350 0.042407 0.056889
v -0.034855 0.169555 0.027501
v 0.023276 0.046514 0.051538
v 0.026447 0.047892 0.042099
v 0.048235 0.055167 0.017878
v -0.007123 0.123371 0.083107
v -0.059609 0.124611 0.061540
v -0.016977 0.139280 0.090553
v 0.037559 0.051247 0.037754
v 0.004277 0.063075 0.056831
v 0.043627 0.062700 0.036040
v 0.028188 0.060823 0.046846
v 0.055082 0.061781 -0.015495
v 0.010258 0.129523 0.021465
v 0.017422 0.119626 0.034734
v 0.039011 0.096202 0.037092
v 0.027936 0.127908 0.006594
v 0.003627 0.115973 0.044870
v 0.030273 0.116333 0.026413
v 0.047045 0.071030 -0.018274
v -0.037466 0.155680 0.047680
v 0.029480 0.083475 0.052640
v -0.044438 0.108386 0.076039
v 0.022346 0.092365 -0.035686
v 0.041272 0.075711 0.041888
v 0.044582 0.086340 0.035767
v -0.000325 0.075550 0.063751
v -0.053522 0.117019 0.076586
v 0.000614 0.086222 0.066765
v 0.010223 0.080068 0.050904
v -0.055650 0.087742 0.068459
v 0.031062 0.091822 0.048816
v 0.003199 0.086712 0.059730
v 0.003040 0.098545 0.058781
v -0.046941 0.126154 0.084677
v -0.015078 0.110373 0.072478
v 0.032141 0.101411 0.030487
v 0.044838 0.103375 0.017996
v 0.018094 0.098208 0.046655
v -0.029975 0.098057 -0.004074
v -0.010660 0.114517 0.063547
v -0.060943 0.084375 0.044537
v 0.039765 0.035177 0.019614
v 0.004992 0.035440 0.057694
v -0.016152 0.152706 0.061836
v -0.014773 0.137547 0.058293
v -0.009094 0.126235 0.068638
v 0.039550 0.044125 0.023474
v -0.050160 0.110516 0.028926
v -0.018064 0.159634 0.019110
v 0.052642 0.048804 -0.011329
v 0.034965 0.093631 -0.029212
v -0.025132 0.156951 0.038373
v 0.036026 0.108291 -0.020107
v 0.047152 0.050450 -0.005143
v -0.015932 0.149618 0.074282
v 0.054740 0.057957 -0.030104
v 0.050932 0.058515 0.000914
v -0.023778 0.183486 0.008184
v 0.052882 0.078999 0.006319
v 0.046163 0.090818 -0.017947
v 0.041107 0.073691 -0.026758
v -0.015060 0.137780 0.071118
v 0.051084 0.079517 0.022233
v 0.052707 0.090837 0.000260
v 0.050294 0.095223 0.013567
v -0.026594 0.142835 0.042613
v -0.055264 0.146564 0.054349
v 0.028029 0.048139 -0.036606
v 0.048252 0.044574 -0.022385
v -0.019444 0.161674 0.001549
v -0.032685 0.143366 0.038226
v 0.043638 0.051578 -0.037241
v 0.007786 0.064657 -0.036040
v 0.011115 0.087439 -0.037675
v -0.044892 0.147615 0.042976
v -0.071970 0.163711 0.018800
v -0.089482 0.179528 0.020559
v -0.084853 0.176795 0.007405
v -0.029172 0.153466 0.078049
v -0.077951 0.173557 0.029304
v -0.027411 0.155230 0.048923
v -0.012563 0.124511 0.047313
v -0.038873 0.117100 0.088599
v 0.041605 0.069951 -0.038476
v 0.025361 0.116556 -0.021301
v -0.031497 0.120840 0.096570
v -0.089351 0.180061 0.010877
v 0.050149 0.072884 -0.027418
v -0.041946 0.155374 0.068682
v -0.031495 0.172116 0.028447
v 0.032519 0.122217 0.015839
v -0.045259 0.155595 0.052246
v -0.056146 0.132781 0.070600
v -0.004816 0.125189 0.031164
v 0.041084 0.113539 -0.008642
v -0.047855 0.155393 0.056162
v -0.014371 0.035946 0.074964
v -0.053612 0.141292 0.046426
v -0.041327 0.084036 0.009345
v -0.023061 0.042936 0.053836
v 0.024221 0.037037 0.053859
v -0.019225 0.129550 0.096231
v 0.008361 0.054551 0.045502
v -0.041743 0.094486 0.081250
v -0.017805 0.091556 0.081300
v -0.011051 0.084551 0.077772
v -0.011238 0.060522 0.059113
v -0.006047 0.049738 0.061731
v -0.031486 0.081003 0.081132
v -0.023875 0.148172 0.084960
v 0.020785 0.051608 0.045740
v -0.053548 0.116116 0.047104
v 0.022738 0.081778 0.054414
v -0.025616 0.172916 -0.011525
v -0.037781 0.046264 0.024077
v -0.048733 0.034189 0.013098
v -0.022414 0.041284 0.066668
v -0.042120 0.042073 0.056305
v -0.040977 0.047837 0.036298
v -0.010934 0.045921 0.071648
v -0.053953 0.109573 0.064897
v -0.021115 0.049099 0.048764
v -0.013891 0.050435 0.058482
v -0.086886 0.160409 0.011098
v -0.033425 0.048718 0.047608
v -0.034839 0.057000 0.045656
v -0.050213 0.135760 0.076305
v -0.056139 0.073999 0.053865
v -0.076397 0.164206 0.036755
v -0.053472 0.153694 0.055435
v -0.061376 0.152012 0.046146
v 0.009271 0.129038 -0.008221
v -0.051014 0.149478 0.075529
v -0.045121 0.077021 0.000860
v -0.078218 0.164370 0.029221
v -0.038380 0.077248 0.013431
v -0.041590 0.120644 0.026720
v -0.044900 0.151694 0.079286
v -0.060355 0.093292 0.057228
v -0.038888 0.092917 -0.008707
v -0.040330 0.107515 0.014682
v 0.033163 0.069814 -0.032016
v -0.028743 0.185976 -0.005239
v -0.009459 0.111968 -0.018668
v -0.021682 0.109241 -0.009129
v -0.019911 0.088145 -0.027078
v 0.014472 0.112212 -0.028101
v -0.024561 0.114913 0.001447
v -0.011831 0.125280 0.001435
v -0.012284 0.099910 -0.019636
v -0.044300 0.033607 0.004558
v 0.033589 0.059012 -0.041259
v 0.002566 0.130643 0.001023
v -0.024280 0.095165 -0.020947
v -0.003245 0.121219 -0.015668
v -0.026445 0.123005 0.020318
v -0.033918 0.129806 0.035363
v -0.008011 0.035962 -0.023505
v 0.012023 0.034844 -0.016055
v -0.034944 0.046657 -0.003105
v 0.003030 0.051423 -0.033424
v -0.008895 0.045579 -0.026950
v -0.018974 0.048128 -0.022281
v -0.035921 0.051265 0.006558
v -0.006632 0.054410 -0.033012
v 0.016973 0.051021 -0.029444
v -0.047376 0.120414 0.038194
v -0.037014 0.063136 -0.014084
v -0.030167 0.051678 0.017010
v -0.042157 0.071702 0.070184
v -0.020443 0.070792 -0.027354
v -0.028217 0.182023 -0.010645
v -0.027213 0.082947 -0.024149
v -0.001328 0.074094 -0.035624
v -0.043669 0.072778 -0.008553
v -0.043720 0.066851 0.030094
v -0.046355 0.063293 0.048416
v -0.056518 0.075860 0.037295
v -0.041315 0.083344 -0.012540
v -0.037130 0.144987 0.039215
v -0.053142 0.081928 0.026734
v -0.052718 0.098102 0.026160
v 0.000680 0.098022 -0.031690
v -0.038849 0.033835 0.012260
v -0.004967 0.034207 -0.017469
v -0.043604 0.034136 0.025063
v -0.031008 0.038519 0.023259
v -0.008449 0.039177 -0.006138
v -0.032110 0.036174 0.024425
v 0.013015 0.036240 -0.008878
v 0.006351 0.034200 0.000409
v 0.009692 0.036030 -0.003934
v -0.025431 0.033585 0.048788
v -0.029145 0.033855 0.029281
v 0.009030 0.035134 -0.000199
v 0.036015 0.037510 -0.017606
v 0.007171 0.038173 0.011509
v 0.010091 0.033997 0.002525
v 0.020555 0.035937 -0.009559
v -0.025696 0.035549 0.040297
v -0.022690 0.038195 0.024192
v -0.021881 0.038323 0.023456
v -0.012814 0.038063 0.025906
v 0.028075 0.034646 0.001877
v 0.036259 0.042465 -0.030144
v -0.021709 0.033633 0.030692
v 0.025311 0.036583 -0.007069
v -0.049674 0.033840 0.045498
v 0.018872 0.034843 0.006197
v 0.012188 0.034803 0.009835
v 0.024786 0.034380 0.004579
v -0.018390 0.036326 0.036285
v -0.009496 0.033995 0.032321
v -0.044970 0.034453 0.055743
v -0.006568 0.035397 0.033028
v -0.029035 0.034018 0.057088
v -0.012541 0.035892 0.036856
v 0.039624 0.039160 -0.003111
v -0.024597 0.033310 0.050638
v 0.028155 0.039507 0.018489
v -0.012786 0.114589 0.089580
v -0.023510 0.107949 0.081087
v -0.021329 0.073899 0.076963
v -0.007697 0.035429 0.044727
v -0.007610 0.035304 0.042625
v -0.006251 0.037743 0.030234
v -0.008235 0.033668 0.049124
v 0.031130 0.037639 0.016151
v 0.032576 0.034888 0.018075
v 0.042725 0.037033 0.011459
v 0.002167 0.034721 0.049035
v 0.003136 0.038192 0.044714
v 0.021157 0.039529 0.034477
v 0.012793 0.039170 0.043132
v 0.016951 0.039322 0.039938
v 0.021255 0.034813 0.041568
v -0.022926 0.111623 0.090992
v -0.041309 0.062751 0.058550
v -0.003286 0.035917 0.072580
v 0.004688 0.034344 0.049734
v 0.014474 0.034658 0.048717
v -0.028978 0.062171 0.063979
v -0.047186 0.079931 0.073407
v -0.080846 0.151611 0.022539
v -0.026360 0.165095 0.002827
v -0.086156 0.163975 0.006495
v -0.047948 0.143416 0.041632
vn -0.349770 0.936082 -0.037568
vn -0.349770 0.936082 -0.037568
vn -0.349770 0.936082 -0.037568
vn -0.617372 -0.223358 0.754297
vn -0.617372 -0.223358 0.754297
vn -0.617372 -0.223358 0.754297
vn 0.212172 0.252318 0.944097
vn 0.212172 0.252318 0.944097
vn 0.212172 0.252318 0.944097
vn -0.816198 0.081338 0.572019
vn -0.816198 0.081338 0.572019
vn -0.816198 0.081338 0.572019
vn 0.515045 -0.153259 0.843351
vn 0.515045 -0.153259 0.843351
vn 0.515045 -0.153259 0.843351
vn 0.764234 0.184110 0.618102
vn 0.764234 0.184110 0.618102
vn 0.764234 0.184110 0.618102
vn 0.767546 0.297581 0.567731
vn 0.767546 0.297581 0.567731
vn 0.767546 0.297581 0.567731
vn 0.103801 0.994478 0.015443
vn 0.103801 0.994478 0.015443
vn 0.103801 0.994478 0.015443
vn 0.866825 0.393784 0.305857
vn 0.866825 0.393784 0.305857
vn 0.866825 0.393784 0.305857
vn 0.054837 -0.416357 -0.907546
vn 0.054837 -0.416357 -0.907546
vn 0.054837 -0.416357 -0.907546
vn 0.415050 -0.789718 0.451752
vn 0.415050 -0.789718 0.451752
vn 0.415050 -0.789718 0.451752
vn 0.659323 0.238746 0.712947
vn 0.659323 0.238746 0.712947
vn 0.659323 0.238746 0.712947
vn -0.097047 0.956125 0.276418
vn -0.097047 0.956125 0.276418
vn -0.097047 0.956125 0.276418
vn 0.638637 0.248872 0.728152
vn 0.638637 0.248872 0.728152
vn 0.638637 0.248872 0.728152
vn 0.826562 0.415982 0.379150
vn 0.826562 0.415982 0.379150
vn 0.826562 0.415982 0.379150
vn -0.411325 -0.390520 0.823593
vn -0.411325 -0.390520 0.823593
vn -0.411325 -0.390520 0.823593
vn 0.814681 -0.465544 0.345779
vn 0.814681 -0.465544 0.345779
vn 0.814681 -0.465544 0.345779
vn 0.470747 0.861579 0.189944
vn 0.470748 0.861579 0.189944
vn 0.470747 0.861579 0.189944
vn 0.088437 0.850979 0.517700
vn 0.088437 0.850980 0.517700
vn 0.088437 0.850980 0.517700
vn 0.718780 0.165078 0.675355
vn 0.718780 0.165078 0.675355
vn 0.718780 0.165078 0.675355
vn 0.312748 0.512029 0.800010
vn 0.312748 0.512029 0.800010
vn 0.312748 0.512029 0.800010
vn 0.645634 0.248705 0.722013
vn 0.645634 0.248705 0.722013
vn 0.645634 0.248705 0.722013
vn -0.887474 0.381816 -0.258084
vn -0.887474 0.381816 -0.258084
vn -0.887474 0.381816 -0.258084
vn 0.690804 0.292425 0.661270
vn 0.690804 0.292425 0.661270
vn 0.690804 0.292425 0.661270
vn 0.706406 0.440612 0.553942
vn 0.706406 0.440612 0.553942
vn 0.706406 0.440612 0.553942
vn 0.585784 0.459436 0.667664
vn 0.585784 0.459436 0.667665
vn 0.585784 0.459436 0.667665
vn 0.721659 0.325598 0.610897
vn 0.721659 0.325598 0.610897
vn 0.721659 0.325598 0.610897
vn 0.639557 0.557174 0.529645
vn 0.639557 0.557174 0.529645
vn 0.639557 0.557174 0.529645
vn -0.138911 0.984591 0.106228
vn -0.138911 0.984591 0.106228
vn -0.138911 0.984591 0.106228
vn 0.928100 -0.174568 0.328870
vn 0.928100 -0.174568 0.328870
vn 0.928100 -0.174568 0.328870
vn 0.800099 -0.036945 0.598729
vn 0.800099 -0.036945 0.598729
vn 0.800099 -0.036945 0.598729
vn 0.471971 0.774373 0.421413
vn 0.471971 0.774373 0.421413
vn 0.471971 0.774373 0.421413
vn -0.461871 -0.768520 -0.442778
vn -0.461871 -0.768520 -0.442778
vn -0.461871 -0.768520 -0.442778
vn 0.343781 0.756981 0.555693
vn 0.343781 0.756981 0.555693
vn 0.343781 0.756981 0.555693
vn 0.936958 0.040434 0.347095
vn 0.936958 0.040434 0.347095
vn 0.936958 0.040434 0.347095
vn 0.610757 0.424840 0.668196
vn 0.610757 0.424840 0.668196
vn 0.610757 0.424840 0.668196
vn 0.700263 0.430769 0.569271
vn 0.700263 0.430769 0.569271
vn 0.700263 0.430769 0.569271
vn 0.503841 0.704915 0.499238
vn 0.503841 0.704915 0.499238
vn 0.503841 0.704916 0.499238
vn 0.745692 -0.374867 0.550833
vn 0.745692 -0.374867 0.550834
vn 0.745692 -0.374867 0.550833
vn 0.765357 -0.043851 0.642111
vn 0.765357 -0.043851 0.642111
vn 0.765357 -0.043851 0.642111
vn 0.693439 0.074807 0.716622
vn 0.693439 0.074807 0.716622
vn 0.693439 0.074807 0.716622
vn 0.651716 0.687946 0.319369
vn 0.651716 0.687946 0.319369
vn 0.651716 0.687946 0.319369
vn 0.715244 -0.150477 0.682483
vn 0.715244 -0.150477 0.682483
vn 0.715244 -0.150477 0.682483
vn 0.626700 0.070672 0.776049
vn 0.626700 0.070672 0.776049
vn 0.626700 0.070672 0.776049
vn 0.885391 -0.157225 0.437450
vn 0.885391 -0.157225 0.437450
vn 0.885391 -0.157225 0.437450
vn 0.546028 0.511297 0.663648
vn 0.546028 0.511297 0.663648
vn 0.546028 0.511297 0.663648
vn 0.356188 -0.023385 -0.934122
vn 0.356188 -0.023385 -0.934122
vn 0.356188 -0.023385 -0.934122
vn -0.602958 -0.662544 0.444383
vn -0.602958 -0.662544 0.444383
vn -0.602958 -0.662544 0.444383
vn -0.082743 0.948408 0.306065
vn -0.082743 0.948408 0.306065
vn -0.082743 0.948408 0.306065
vn 0.700251 0.268298 0.661562
vn 0.700251 0.268298 0.661562
vn 0.700251 0.268298 0.661562
vn -0.066582 -0.202019 0.977116
vn -0.066582 -0.202019 0.977116
vn -0.066582 -0.202019 0.977116
vn 0.450856 0.444862 0.773839
vn 0.450856 0.444862 0.773839
vn 0.450856 0.444862 0.773839
vn 0.172097 0.775544 0.607383
vn 0.172097 0.775544 0.607383
vn 0.172097 0.775544 0.607383
vn 0.470463 0.882186 0.020311
vn 0.470463 0.882186 0.020311
vn 0.470463 0.882186 0.020311
vn 0.900984 -0.031385 0.432716
vn 0.900984 -0.031385 0.432716
vn 0.900984 -0.031385 0.432716
vn 0.605576 -0.193733 -0.771845
vn 0.605576 -0.193733 -0.771845
vn 0.605576 -0.193733 -0.771845
vn 0.370459 0.861661 0.346845
vn 0.370459 0.861661 0.346845
vn 0.370459 0.861661 0.346845
vn 0.654982 0.684557 0.319971
vn 0.654982 0.684557 0.319971
vn 0.654982 0.684557 0.319971
vn 0.376659 0.828416 0.414554
vn 0.376659 0.828416 0.414554
vn 0.376659 0.828416 0.414554
vn -0.055162 0.940657 0.334845
vn -0.055162 0.940657 0.334845
vn -0.055162 0.940657 0.334845
vn -0.828956 0.328368 -0.452777
vn -0.828956 0.328368 -0.452777
vn -0.828956 0.328368 -0.452777
vn 0.022837 -0.999648 0.013517
vn 0.022837 -0.999648 0.013517
vn 0.022837 -0.999648 0.013517
vn 0.168683 0.831565 0.529193
vn 0.168683 0.831565 0.529193
vn 0.168683 0.831565 0.529193
vn -0.978199 -0.045614 0.202600
vn -0.978199 -0.045614 0.202600
vn -0.978199 -0.045614 0.202600
vn 0.124470 0.988876 -0.081440
vn 0.124470 0.988876 -0.081440
vn 0.124470 0.988876 -0.081440
vn 0.755048 0.067445 0.652191
vn 0.755048 0.067445 0.652191
vn 0.755048 0.067445 0.652191
vn 0.322806 -0.364216 0.873581
vn 0.322806 -0.364216 0.873581
vn 0.322806 -0.364216 0.873581
vn 0.575685 -0.246251 0.779710
vn 0.575685 -0.246251 0.779710
vn 0.575685 -0.246251 0.779710
vn 0.183574 -0.748307 -0.637446
vn 0.183574 -0.748307 -0.637446
vn 0.183574 -0.748307 -0.637446
vn 0.567086 0.414094 0.711997
vn 0.567086 0.414094 0.711997
vn 0.567086 0.414094 0.711997
vn 0.566192 -0.234401 0.790242
vn 0.566192 -0.234401 0.790242
vn 0.566192 -0.234401 0.790242
vn 0.722706 0.169891 0.669950
vn 0.722706 0.169891 0.669950
vn 0.722706 0.169891 0.669950
vn 0.432168 -0.361532 0.826151
vn 0.432168 -0.361532 0.826151
vn 0.432168 -0.361532 0.826151
vn 0.578450 -0.187682 0.793833
vn 0.578450 -0.187682 0.793833
vn 0.578450 -0.187682 0.793833
vn 0.820381 0.570466 -0.039295
vn 0.820381 0.570466 -0.039295
vn 0.820381 0.570466 -0.039295
vn 0.944017 0.225631 0.240670
vn 0.944017 0.225631 0.240670
vn 0.944017 0.225631 0.240670
vn 0.853734 -0.499235 -0.147996
vn 0.853734 -0.499235 -0.147996
vn 0.853734 -0.499235 -0.147996
vn 0.903080 -0.354624 -0.242256
vn 0.903080 -0.354624 -0.242256
vn 0.903080 -0.354624 -0.242256
vn 0.903744 0.171443 -0.392243
vn 0.903744 0.171443 -0.392243
vn 0.903744 0.171443 -0.392243
vn 0.825092 0.046074 -0.563116
vn 0.825092 0.046074 -0.563116
vn 0.825092 0.046074 -0.563116
vn 0.885493 0.463755 -0.028872
vn 0.885493 0.463755 -0.028872
vn 0.885493 0.463755 -0.028872
vn 0.939481 -0.058414 -0.337584
vn 0.939481 -0.058414 -0.337584
vn 0.939481 -0.058414 -0.337584
vn 0.921298 -0.383519 -0.064218
vn 0.921298 -0.383519 -0.064218
vn 0.921298 -0.383519 -0.064218
vn 0.899938 -0.387759 -0.199386
vn 0.899938 -0.387759 -0.199385
vn 0.899938 -0.387759 -0.199386
vn 0.117186 -0.667529 -0.735304
vn 0.117186 -0.667529 -0.735304
vn 0.117186 -0.667529 -0.735304
vn 0.997308 0.073321 0.000624
vn 0.997308 0.073321 0.000624
vn 0.997308 0.073321 0.000624
vn 0.717342 0.583828 0.380218
vn 0.717342 0.583828 0.380218
vn 0.717342 0.583828 0.380218
vn 0.006523 -0.791012 -0.611767
vn 0.006523 -0.791012 -0.611767
vn 0.006523 -0.791012 -0.611767
vn 0.907663 -0.263295 0.326839
vn 0.907663 -0.263295 0.326839
vn 0.907663 -0.263295 0.326839
vn 0.996103 0.085733 0.020724
vn 0.996103 0.085733 0.020724
vn 0.996103 0.085733 0.020724
vn 0.280156 -0.826170 -0.488832
vn 0.280156 -0.826170 -0.488832
vn 0.280156 -0.826170 -0.488832
vn 0.889359 0.457064 0.011583
vn 0.889359 0.457064 0.011583
vn 0.889358 0.457064 0.011583
vn 0.704345 0.145196 0.694850
vn 0.704345 0.145196 0.694850
vn 0.704345 0.145196 0.694850
vn 0.983967 -0.135811 0.115604
vn 0.983967 -0.135811 0.115604
vn 0.983967 -0.135811 0.115604
vn 0.917602 0.226411 0.326718
vn 0.917602 0.226411 0.326718
vn 0.917602 0.226411 0.326718
vn -0.734881 0.285739 0.615064
vn -0.734881 0.285739 0.615064
vn -0.734881 0.285739 0.615064
vn 0.983061 -0.128155 0.131026
vn 0.983061 -0.128155 0.131026
vn 0.983061 -0.128155 0.131026
vn -0.090346 -0.802619 -0.589611
vn -0.090346 -0.802619 -0.589611
vn -0.090346 -0.802619 -0.589611
vn 0.719442 0.137783 -0.680749
vn 0.719442 0.137783 -0.680749
vn 0.719442 0.137783 -0.680749
vn 0.793371 -0.474421 -0.381428
vn 0.793371 -0.474421 -0.381428
vn 0.793371 -0.474421 -0.381428
vn 0.985799 -0.064331 -0.155120
vn 0.985799 -0.064331 -0.155120
vn 0.985799 -0.064331 -0.155120
vn 0.934941 0.307552 -0.176907
vn 0.934941 0.307552 -0.176907
vn 0.934941 0.307552 -0.176908
vn -0.665930 0.734921 0.128174
vn -0.665930 0.734921 0.128174
vn -0.665930 0.734921 0.128174
vn -0.938731 0.238767 -0.248544
vn -0.938731 0.238767 -0.248544
vn -0.938731 0.238767 -0.248544
vn 0.988474 -0.057105 -0.140209
vn 0.988474 -0.057105 -0.140208
vn 0.988474 -0.057105 -0.140209
vn 0.183601 0.129471 0.974437
vn 0.183601 0.129471 0.974437
vn 0.183601 0.129471 0.974437
vn 0.840672 -0.197386 0.504290
vn 0.840672 -0.197386 0.504291
vn 0.840672 -0.197386 0.504290
vn 0.984725 0.090695 0.148631
vn 0.984725 0.090695 0.148631
vn 0.984725 0.090695 0.148631
vn 0.919610 -0.179957 0.349188
vn 0.919610 -0.179957 0.349188
vn 0.919610 -0.179957 0.349188
vn 0.927879 -0.197111 -0.316524
vn 0.927879 -0.197111 -0.316524
vn 0.927879 -0.197111 -0.316524
vn 0.539469 0.003080 -0.842000
vn 0.539469 0.003080 -0.842000
vn 0.539469 0.003080 -0.842000
vn 0.648191 -0.591113 -0.480035
vn 0.648191 -0.591113 -0.480035
vn 0.648191 -0.591113 -0.480035
vn 0.702803 0.329619 -0.630412
vn 0.702803 0.329619 -0.630412
vn 0.702803 0.329619 -0.630412
vn 0.740129 0.343199 -0.578293
vn 0.740129 0.343199 -0.578293
vn 0.740129 0.343199 -0.578293
vn 0.898179 0.396632 0.189625
vn 0.898179 0.396632 0.189625
vn 0.898179 0.396632 0.189625
vn 0.894747 -0.030986 0.445498
vn 0.894747 -0.030986 0.445498
vn 0.894747 -0.030986 0.445498
vn 0.984512 0.046674 -0.168991
vn 0.984512 0.046674 -0.168991
vn 0.984512 0.046674 -0.168991
vn 0.978012 -0.039811 0.204715
vn 0.978012 -0.039811 0.204715
vn 0.978012 -0.039811 0.204715
vn 0.369570 0.456022 -0.809606
vn 0.369570 0.456022 -0.809606
vn 0.369570 0.456022 -0.809606
vn 0.449067 -0.746272 -0.491341
vn 0.449067 -0.746272 -0.491341
vn 0.449067 -0.746272 -0.491341
vn 0.888403 0.329515 -0.319626
vn 0.888403 0.329515 -0.319626
vn 0.888403 0.329515 -0.319626
vn -0.051432 0.991532 0.119247
vn -0.051432 0.991532 0.119247
vn -0.051432 0.991532 0.119247
vn 0.937683 -0.164466 0.306106
vn 0.937683 -0.164466 0.306106
vn 0.937683 -0.164466 0.306106
vn 0.988108 0.109340 0.108107
vn 0.988108 0.109340 0.108107
vn 0.988108 0.109340 0.108107
vn 0.786807 -0.617190 0.003278
vn 0.786807 -0.617190 0.003278
vn 0.786807 -0.617190 0.003278
vn 0.938480 0.006504 0.345272
vn 0.938480 0.006504 0.345272
vn 0.938480 0.006504 0.345272
vn 0.837649 0.546020 -0.014351
vn 0.837649 0.546020 -0.014351
vn 0.837649 0.546020 -0.014351
vn 0.530741 0.059383 -0.845451
vn 0.530741 0.059383 -0.845451
vn 0.530741 0.059383 -0.845451
vn 0.983849 -0.177465 0.023410
vn 0.983849 -0.177465 0.023410
vn 0.983849 -0.177465 0.023410
vn 0.587148 0.115743 -0.801162
vn 0.587148 0.115743 -0.801162
vn 0.587148 0.115743 -0.801162
vn 0.941921 -0.113730 0.315992
vn 0.941921 -0.113730 0.315992
vn 0.941921 -0.113730 0.315992
vn 0.449647 0.070810 -0.890395
vn 0.449647 0.070810 -0.890395
vn 0.449647 0.070810 -0.890395
vn -0.510670 -0.395177 0.763578
vn -0.510670 -0.395177 0.763578
vn -0.510670 -0.395177 0.763578
vn -0.691772 0.576401 0.434987
vn -0.691772 0.576401 0.434987
vn -0.691772 0.576401 0.434987
vn 0.952256 0.283063 -0.114387
vn 0.952256 0.283063 -0.114387
vn 0.952256 0.283063 -0.114387
vn 0.216474 -0.101348 -0.971014
vn 0.216474 -0.101348 -0.971014
vn 0.216474 -0.101348 -0.971014
vn -0.438620 0.876971 0.196303
vn -0.438620 0.876971 0.196303
vn -0.438620 0.876971 0.196303
vn -0.927562 -0.298673 0.224551
vn -0.927562 -0.298673 0.224551
vn -0.927562 -0.298673 0.224551
vn -0.929485 -0.014789 0.368562
vn -0.929486 -0.014789 0.368562
vn -0.929486 -0.014789 0.368562
vn 0.310102 0.802340 0.509988
vn 0.310102 0.802340 0.509988
vn 0.310102 0.802340 0.509988
vn -0.694094 0.097995 0.713184
vn -0.694094 0.097995 0.713184
vn -0.694094 0.097995 0.713184
vn -0.886429 0.140839 0.440917
vn -0.886429 0.140839 0.440917
vn -0.886429 0.140839 0.440917
vn -0.444550 0.083237 0.891878
vn -0.444550 0.083237 0.891878
vn -0.444550 0.083237 0.891878
vn 0.047514 0.770246 0.635975
vn 0.047514 0.770246 0.635975
vn 0.047514 0.770245 0.635975
vn -0.741469 0.163796 0.650688
vn -0.741469 0.163796 0.650688
vn -0.741469 0.163796 0.650688
vn 0.209663 -0.307672 -0.928105
vn 0.209663 -0.307672 -0.928105
vn 0.209663 -0.307672 -0.928105
vn -0.528050 0.017209 0.849039
vn -0.528050 0.017209 0.849039
vn -0.528050 0.017209 0.849039
vn 0.784243 -0.567943 -0.249807
vn 0.784243 -0.567943 -0.249807
vn 0.784243 -0.567943 -0.249807
vn 0.171461 -0.077552 -0.982134
vn 0.171461 -0.077552 -0.982134
vn 0.171461 -0.077552 -0.982134
vn -0.355508 0.885673 -0.298661
vn -0.355508 0.885673 -0.298661
vn -0.355508 0.885673 -0.298661
vn -0.090983 0.649799 0.754642
vn -0.090983 0.649799 0.754642
vn -0.090983 0.649799 0.754642
vn 0.347072 0.432558 -0.832126
vn 0.347072 0.432558 -0.832126
vn 0.347072 0.432558 -0.832126
vn 0.236617 -0.638685 -0.732184
vn 0.236617 -0.638685 -0.732184
vn 0.236617 -0.638685 -0.732184
vn -0.483227 0.789181 0.379056
vn -0.483228 0.789181 0.379056
vn -0.483228 0.789181 0.379056
vn -0.103502 -0.056166 -0.993042
vn -0.103502 -0.056166 -0.993042
vn -0.103502 -0.056166 -0.993042
vn 0.655054 -0.012961 -0.755471
vn 0.655054 -0.012961 -0.755471
vn 0.655054 -0.012961 -0.755471
vn 0.188603 -0.659750 -0.727433
vn 0.188603 -0.659750 -0.727433
vn 0.188603 -0.659750 -0.727433
vn 0.654527 -0.033378 -0.755301
vn 0.654527 -0.033378 -0.755301
vn 0.654527 -0.033378 -0.755301
vn 0.256537 -0.275314 -0.926494
vn 0.256537 -0.275314 -0.926494
vn 0.256537 -0.275314 -0.926494
vn 0.768136 0.382130 -0.513754
vn 0.768136 0.382130 -0.513754
vn 0.768136 0.382130 -0.513754
vn 0.813587 0.201468 -0.545423
vn 0.813587 0.201468 -0.545423
vn 0.813587 0.201468 -0.545423
vn 0.841196 -0.389567 0.375002
vn 0.841196 -0.389567 0.375002
vn 0.841196 -0.389567 0.375002
vn 0.769912 0.482420 -0.417740
vn 0.769912 0.482420 -0.417740
vn 0.769912 0.482420 -0.417740
vn 0.715330 0.543324 -0.439434
vn 0.715330 0.543324 -0.439434
vn 0.715330 0.543324 -0.439434
vn 0.708807 0.334440 -0.621081
vn 0.708807 0.334440 -0.621081
vn 0.708807 0.334440 -0.621081
vn 0.945344 0.309344 -0.103109
vn 0.945344 0.309344 -0.103109
vn 0.945344 0.309344 -0.103109
vn 0.646858 0.751235 0.131229
vn 0.646858 0.751235 0.131229
vn 0.646858 0.751235 0.131229
vn 0.649578 0.671508 0.356546
vn 0.649578 0.671508 0.356547
vn 0.649578 0.671508 0.356546
vn 0.062988 0.951539 -0.301009
vn 0.062988 0.951539 -0.301009
vn 0.062988 0.951539 -0.301009
vn 0.103290 0.967423 0.231135
vn 0.103290 0.967423 0.231135
vn 0.103290 0.967423 0.231135
vn -0.247616 0.919886 -0.304132
vn -0.247616 0.919886 -0.304132
vn -0.247616 0.919886 -0.304132
vn -0.044960 0.766302 0.640906
vn -0.044961 0.766302 0.640906
vn -0.044960 0.766302 0.640906
vn -0.410182 0.890935 0.194898
vn -0.410182 0.890935 0.194898
vn -0.410182 0.890935 0.194898
vn 0.129060 0.975481 -0.178271
vn 0.129060 0.975481 -0.178271
vn 0.129060 0.975481 -0.178271
vn 0.142829 0.987379 0.068424
vn 0.142829 0.987379 0.068424
vn 0.142829 0.987379 0.068424
vn 0.031538 0.996878 0.072390
vn 0.031538 0.996878 0.072390
vn 0.031538 0.996878 0.072390
vn 0.329802 0.917612 0.221852
vn 0.329802 0.917612 0.221852
vn 0.329802 0.917612 0.221852
vn 0.099821 0.992804 0.066155
vn 0.099821 0.992804 0.066155
vn 0.099821 0.992804 0.066155
vn 0.172918 0.977108 0.123935
vn 0.172918 0.977108 0.123935
vn 0.172918 0.977108 0.123935
vn 0.037948 0.812342 0.581946
vn 0.037948 0.812342 0.581946
vn 0.037948 0.812342 0.581946
vn 0.513777 0.178165 -0.839220
vn 0.513777 0.178165 -0.839220
vn 0.513777 0.178165 -0.839220
vn 0.480778 0.835621 0.265689
vn 0.480778 0.835621 0.265689
vn 0.480778 0.835621 0.265689
vn 0.519255 0.705847 0.481823
vn 0.519255 0.705847 0.481823
vn 0.519255 0.705847 0.481823
vn 0.007264 0.999972 -0.001986
vn 0.007264 0.999972 -0.001986
vn 0.007264 0.999972 -0.001986
vn -0.943572 0.222166 -0.245588
vn -0.943572 0.222166 -0.245588
vn -0.943572 0.222166 -0.245588
vn 0.356283 0.853361 0.380574
vn 0.356283 0.853361 0.380574
vn 0.356283 0.853361 0.380574
vn 0.437011 0.451526 -0.777911
vn 0.437011 0.451526 -0.777911
vn 0.437011 0.451526 -0.777911
vn 0.035118 0.996432 0.076752
vn 0.035118 0.996432 0.076752
vn 0.035118 0.996432 0.076752
vn 0.425596 0.903210 0.055488
vn 0.425596 0.903210 0.055488
vn 0.425596 0.903210 0.055488
vn 0.861718 0.491135 0.127388
vn 0.861718 0.491135 0.127388
vn 0.861718 0.491135 0.127388
vn 0.553820 0.637195 -0.535972
vn 0.553820 0.637195 -0.535972
vn 0.553820 0.637195 -0.535972
vn 0.713851 0.546912 -0.437383
vn 0.713851 0.546912 -0.437383
vn 0.713851 0.546912 -0.437383
vn 0.753501 0.656723 0.030830
vn 0.753501 0.656723 0.030830
vn 0.753501 0.656723 0.030830
vn -0.334291 -0.695692 0.635817
vn -0.334291 -0.695692 0.635817
vn -0.334291 -0.695692 0.635817
vn 0.085928 0.771456 -0.630454
vn 0.085928 0.771456 -0.630454
vn 0.085928 0.771456 -0.630454
vn 0.454449 0.809631 -0.371447
vn 0.454449 0.809631 -0.371447
vn 0.454449 0.809631 -0.371447
vn 0.269918 0.872458 0.407385
vn 0.269918 0.872457 0.407385
vn 0.269918 0.872458 0.407385
vn -0.703910 0.125625 0.699091
vn -0.703910 0.125625 0.699091
vn -0.703910 0.125625 0.699091
vn 0.353644 0.854530 -0.380413
vn 0.353644 0.854530 -0.380413
vn 0.353644 0.854530 -0.380413
vn -0.985750 0.011268 -0.167841
vn -0.985750 0.011268 -0.167841
vn -0.985750 0.011268 -0.167841
vn -0.644248 -0.728126 -0.234045
vn -0.644248 -0.728126 -0.234045
vn -0.644248 -0.728126 -0.234045
vn -0.228584 -0.255302 0.939452
vn -0.228584 -0.255302 0.939452
vn -0.228584 -0.255302 0.939452
vn -0.040946 0.244731 0.968726
vn -0.040946 0.244731 0.968726
vn -0.040946 0.244731 0.968726
vn 0.173064 -0.253301 0.951781
vn 0.173064 -0.253301 0.951781
vn 0.173064 -0.253301 0.951781
vn -0.367855 0.541328 0.756073
vn -0.367855 0.541328 0.756073
vn -0.367855 0.541328 0.756073
vn 0.204449 0.244627 0.947818
vn 0.204449 0.244627 0.947817
vn 0.204449 0.244627 0.947818
vn -0.379081 0.041905 0.924414
vn -0.379081 0.041905 0.924414
vn -0.379081 0.041905 0.924414
vn -0.499003 0.423276 0.756197
vn -0.499003 0.423276 0.756197
vn -0.499003 0.423276 0.756197
vn 0.141290 0.390040 0.909894
vn 0.141290 0.390040 0.909894
vn 0.141290 0.390040 0.909894
vn -0.271454 0.953535 -0.130706
vn -0.271454 0.953535 -0.130706
vn -0.271454 0.953535 -0.130706
vn 0.242117 -0.305228 0.920986
vn 0.242117 -0.305228 0.920986
vn 0.242117 -0.305228 0.920986
vn 0.615670 -0.196196 0.763189
vn 0.615670 -0.196196 0.763189
vn 0.615670 -0.196196 0.763189
vn 0.309840 -0.281197 0.908255
vn 0.309840 -0.281197 0.908255
vn 0.309840 -0.281197 0.908255
vn -0.415241 0.020871 0.909472
vn -0.415241 0.020871 0.909472
vn -0.415241 0.020871 0.909472
vn 0.201182 -0.265654 0.942843
vn 0.201182 -0.265654 0.942843
vn 0.201182 -0.265654 0.942843
vn 0.934798 0.308524 -0.175969
vn 0.934798 0.308524 -0.175969
vn 0.934798 0.308524 -0.175969
vn -0.939855 0.246365 -0.236596
vn -0.939855 0.246365 -0.236596
vn -0.939855 0.246365 -0.236596
vn -0.038747 0.510305 0.859120
vn -0.038747 0.510305 0.859120
vn -0.038747 0.510305 0.859120
vn 0.650634 -0.746766 -0.137895
vn 0.650634 -0.746766 -0.137895
vn 0.650634 -0.746766 -0.137895
vn 0.041850 0.357848 0.932842
vn 0.041850 0.357848 0.932842
vn 0.041850 0.357848 0.932842
vn -0.287568 0.636965 0.715248
vn -0.287568 0.636965 0.715248
vn -0.287568 0.636965 0.715248
vn -0.453419 -0.721206 -0.523711
vn -0.453419 -0.721206 -0.523711
vn -0.453419 -0.721206 -0.523711
vn -0.797051 0.071396 -0.599677
vn -0.797051 0.071396 -0.599677
vn -0.797051 0.071396 -0.599677
vn -0.003472 -0.011398 0.999929
vn -0.003472 -0.011398 0.999929
vn -0.003472 -0.011398 0.999929
vn -0.761341 0.303062 -0.573160
vn -0.761341 0.303062 -0.573160
vn -0.761341 0.303062 -0.573160
vn -0.168819 0.424876 0.889371
vn -0.168819 0.424876 0.889371
vn -0.168819 0.424876 0.889371
vn 0.111374 0.273750 0.955331
vn 0.111374 0.273750 0.955331
vn 0.111374 0.273750 0.955331
vn -0.235288 -0.069293 0.969452
vn -0.235288 -0.069293 0.969452
vn -0.235288 -0.069293 0.969452
vn -0.038465 0.778837 0.626046
vn -0.038465 0.778837 0.626046
vn -0.038465 0.778837 0.626046
vn 0.202643 -0.277648 0.939067
vn 0.202643 -0.277648 0.939067
vn 0.202643 -0.277648 0.939067
vn 0.063034 0.671496 0.738322
vn 0.063034 0.671496 0.738322
vn 0.063034 0.671496 0.738322
vn -0.097877 0.212377 0.972274
vn -0.097877 0.212377 0.972274
vn -0.097877 0.212377 0.972274
vn -0.289904 0.441541 0.849115
vn -0.289904 0.441541 0.849115
vn -0.289904 0.441541 0.849116
vn -0.553404 0.114819 -0.824961
vn -0.553404 0.114819 -0.824961
vn -0.553404 0.114819 -0.824961
vn -0.887765 -0.106287 0.447859
vn -0.887765 -0.106287 0.447859
vn -0.887765 -0.106287 0.447859
vn -0.789535 -0.612097 -0.044407
vn -0.789535 -0.612097 -0.044407
vn -0.789535 -0.612097 -0.044407
vn -0.742849 0.280460 0.607880
vn -0.742849 0.280460 0.607880
vn -0.742849 0.280460 0.607880
vn -0.777672 -0.423573 0.464556
vn -0.777672 -0.423573 0.464556
vn -0.777672 -0.423573 0.464556
vn -0.836989 -0.512727 0.191206
vn -0.836989 -0.512727 0.191206
vn -0.836989 -0.512727 0.191206
vn -0.912239 0.402754 0.074895
vn -0.912239 0.402754 0.074895
vn -0.912239 0.402754 0.074895
vn -0.592966 0.664095 -0.455378
vn -0.592966 0.664095 -0.455378
vn -0.592966 0.664095 -0.455378
vn -0.942121 -0.335223 0.005844
vn -0.942121 -0.335223 0.005844
vn -0.942121 -0.335223 0.005844
vn -0.861106 -0.204605 0.465438
vn -0.861106 -0.204605 0.465438
vn -0.861106 -0.204605 0.465438
vn -0.876446 -0.096605 0.471710
vn -0.876446 -0.096605 0.471710
vn -0.876446 -0.096605 0.471710
vn -0.677515 -0.720437 0.148136
vn -0.677515 -0.720437 0.148136
vn -0.677515 -0.720437 0.148137
vn -0.853520 -0.207230 0.478079
vn -0.853520 -0.207230 0.478079
vn -0.853520 -0.207230 0.478079
vn -0.830131 0.427649 0.357769
vn -0.830131 0.427649 0.357770
vn -0.830131 0.427649 0.357769
vn -0.434117 0.877364 0.204387
vn -0.434117 0.877364 0.204387
vn -0.434117 0.877364 0.204387
vn 0.173561 -0.976493 0.127820
vn 0.173561 -0.976493 0.127820
vn 0.173561 -0.976493 0.127820
vn -0.643802 -0.262265 0.718844
vn -0.643802 -0.262265 0.718844
vn -0.643802 -0.262265 0.718844
vn -0.801538 0.175097 0.571732
vn -0.801538 0.175097 0.571732
vn -0.801538 0.175097 0.571732
vn -0.874176 0.396980 -0.279685
vn -0.874176 0.396980 -0.279685
vn -0.874176 0.396980 -0.279685
vn 0.108066 -0.985402 0.131549
vn 0.108066 -0.985402 0.131549
vn 0.108066 -0.985402 0.131549
vn -0.401466 0.520233 0.753779
vn -0.401466 0.520233 0.753779
vn -0.401466 0.520233 0.753779
vn -0.793875 -0.569430 0.213336
vn -0.793875 -0.569430 0.213336
vn -0.793875 -0.569430 0.213336
vn -0.964692 0.234426 -0.120058
vn -0.964692 0.234426 -0.120058
vn -0.964692 0.234426 -0.120058
vn -0.682911 -0.345477 0.643645
vn -0.682911 -0.345477 0.643645
vn -0.682911 -0.345477 0.643645
vn -0.308939 0.922512 0.231362
vn -0.308939 0.922512 0.231362
vn -0.308939 0.922512 0.231362
vn -0.514219 -0.580987 0.630899
vn -0.514219 -0.580987 0.630899
vn -0.514219 -0.580987 0.630899
vn -0.945524 -0.244166 0.215332
vn -0.945524 -0.244166 0.215332
vn -0.945524 -0.244166 0.215332
vn -0.514827 0.545519 -0.661334
vn -0.514827 0.545519 -0.661334
vn -0.514827 0.545519 -0.661334
vn -0.018632 -0.999132 -0.037267
vn -0.018632 -0.999132 -0.037267
vn -0.018632 -0.999132 -0.037267
vn -0.855068 0.045202 0.516542
vn -0.855068 0.045202 0.516542
vn -0.855068 0.045202 0.516542
vn -0.766586 0.095947 0.634933
vn -0.766586 0.095947 0.634933
vn -0.766586 0.095947 0.634933
vn -0.941008 0.323966 0.097722
vn -0.941008 0.323966 0.097722
vn -0.941008 0.323966 0.097722
vn -0.930892 -0.249880 0.266459
vn -0.930892 -0.249880 0.266459
vn -0.930892 -0.249880 0.266459
vn -0.994585 0.006703 -0.103710
vn -0.994585 0.006703 -0.103710
vn -0.994585 0.006703 -0.103710
vn 0.469263 -0.833651 -0.291234
vn 0.469263 -0.833651 -0.291234
vn 0.469263 -0.833651 -0.291234
vn -0.936741 0.346932 0.046420
vn -0.936741 0.346932 0.046420
vn -0.936741 0.346932 0.046420
vn -0.831204 -0.010934 0.555860
vn -0.831204 -0.010934 0.555860
vn -0.831204 -0.010934 0.555860
vn -0.729580 -0.485534 0.481632
vn -0.729580 -0.485534 0.481632
vn -0.729580 -0.485534 0.481632
vn -0.962404 0.217054 0.163300
vn -0.962404 0.217054 0.163300
vn -0.962404 0.217054 0.163300
vn -0.625474 0.678350 0.385517
vn -0.625474 0.678350 0.385517
vn -0.625474 0.678350 0.385517
vn -0.959174 0.239220 0.150862
vn -0.959174 0.239220 0.150862
vn -0.959174 0.239220 0.150862
vn -0.702595 0.561035 0.437721
vn -0.702595 0.561035 0.437721
vn -0.702595 0.561035 0.437721
vn -0.439117 0.869686 0.225438
vn -0.439117 0.869686 0.225438
vn -0.439117 0.869686 0.225438
vn -0.622216 -0.622920 0.474150
vn -0.622216 -0.622920 0.474150
vn -0.622216 -0.622920 0.474150
vn -0.311142 0.216575 -0.925357
vn -0.311142 0.216575 -0.925357
vn -0.311142 0.216575 -0.925357
vn -0.429380 -0.839768 0.332300
vn -0.429380 -0.839768 0.332300
vn -0.429380 -0.839768 0.332300
vn -0.587421 0.720898 -0.367753
vn -0.587421 0.720898 -0.367753
vn -0.587421 0.720898 -0.367753
vn -0.078687 0.750696 -0.655945
vn -0.078687 0.750696 -0.655945
vn -0.078687 0.750696 -0.655945
vn -0.325496 0.482362 -0.813253
vn -0.325496 0.482362 -0.813253
vn -0.325496 0.482362 -0.813253
vn -0.088933 0.324582 -0.941667
vn -0.088933 0.324582 -0.941667
vn -0.088933 0.324582 -0.941667
vn -0.333249 0.865949 -0.372930
vn -0.333249 0.865949 -0.372930
vn -0.333249 0.865949 -0.372930
vn -0.649919 0.479121 -0.589956
vn -0.649919 0.479121 -0.589956
vn -0.649919 0.479121 -0.589956
vn -0.158390 -0.975467 0.152893
vn -0.158390 -0.975467 0.152893
vn -0.158390 -0.975467 0.152893
vn -0.367905 0.697484 -0.614949
vn -0.367905 0.697484 -0.614949
vn -0.367905 0.697484 -0.614949
vn -0.317402 -0.931731 0.176447
vn -0.317402 -0.931731 0.176447
vn -0.317402 -0.931731 0.176447
vn -0.022201 -0.927606 0.372899
vn -0.022201 -0.927606 0.372899
vn -0.022201 -0.927606 0.372899
vn -0.619519 0.422050 -0.661868
vn -0.619519 0.422050 -0.661868
vn -0.619519 0.422050 -0.661868
vn -0.185727 0.982274 -0.025382
vn -0.185727 0.982274 -0.025382
vn -0.185727 0.982273 -0.025382
vn -0.670254 0.562451 -0.484158
vn -0.670254 0.562451 -0.484158
vn -0.670254 0.562451 -0.484158
vn -0.256640 0.458994 -0.850565
vn -0.256640 0.458994 -0.850565
vn -0.256640 0.458994 -0.850565
vn -0.960903 -0.123312 -0.247912
vn -0.960903 -0.123312 -0.247912
vn -0.960903 -0.123312 -0.247912
vn -0.578916 0.576009 -0.577123
vn -0.578916 0.576009 -0.577123
vn -0.578916 0.576009 -0.577123
vn -0.240307 0.190698 -0.951781
vn -0.240307 0.190698 -0.951781
vn -0.240307 0.190698 -0.951781
vn -0.136227 0.216513 -0.966729
vn -0.136227 0.216513 -0.966729
vn -0.136227 0.216513 -0.966729
vn -0.588310 0.758078 -0.281442
vn -0.588310 0.758078 -0.281442
vn -0.588310 0.758078 -0.281442
vn -0.748161 0.553338 -0.366159
vn -0.748161 0.553338 -0.366159
vn -0.748161 0.553338 -0.366159
vn -0.709580 0.701721 -0.063902
vn -0.709580 0.701721 -0.063902
vn -0.709580 0.701721 -0.063902
vn -0.316448 0.868962 -0.380482
vn -0.316448 0.868962 -0.380482
vn -0.316448 0.868962 -0.380482
vn -0.684843 0.455656 -0.568654
vn -0.684843 0.455656 -0.568654
vn -0.684843 0.455656 -0.568654
vn -0.626179 0.691993 -0.359228
vn -0.626179 0.691993 -0.359228
vn -0.626179 0.691993 -0.359228
vn -0.342715 0.780369 -0.523040
vn -0.342715 0.780369 -0.523040
vn -0.342715 0.780369 -0.523040
vn -0.335619 0.912745 -0.232928
vn -0.335619 0.912745 -0.232928
vn -0.335619 0.912745 -0.232928
vn -0.628084 0.755846 0.184953
vn -0.628084 0.755846 0.184953
vn -0.628084 0.755846 0.184953
vn -0.043945 0.458654 -0.887528
vn -0.043945 0.458654 -0.887528
vn -0.043945 0.458654 -0.887528
vn 0.019338 0.914608 -0.403879
vn 0.019338 0.914608 -0.403879
vn 0.019338 0.914608 -0.403879
vn -0.544683 0.668253 -0.506714
vn -0.544683 0.668253 -0.506713
vn -0.544683 0.668253 -0.506714
vn -0.149548 0.595936 -0.788984
vn -0.149548 0.595936 -0.788984
vn -0.149548 0.595936 -0.788984
vn -0.319494 0.512154 -0.797259
vn -0.319494 0.512154 -0.797259
vn -0.319494 0.512154 -0.797259
vn -0.466976 0.822284 0.325242
vn -0.466976 0.822284 0.325242
vn -0.466976 0.822284 0.325242
vn -0.388639 0.602125 -0.697428
vn -0.388639 0.602125 -0.697428
vn -0.388639 0.602125 -0.697428
vn -0.924600 -0.012578 -0.380731
vn -0.924600 -0.012578 -0.380731
vn -0.924600 -0.012578 -0.380731
vn -0.555236 -0.070676 -0.828684
vn -0.555236 -0.070676 -0.828684
vn -0.555236 -0.070676 -0.828685
vn -0.091766 -0.161248 -0.982638
vn -0.091766 -0.161248 -0.982638
vn -0.091766 -0.161248 -0.982638
vn -0.751195 -0.657644 -0.056664
vn -0.751195 -0.657644 -0.056664
vn -0.751195 -0.657644 -0.056664
vn -0.568433 -0.414331 -0.710784
vn -0.568433 -0.414331 -0.710784
vn -0.568433 -0.414331 -0.710784
vn -0.896873 -0.441334 -0.029039
vn -0.896873 -0.441334 -0.029039
vn -0.896873 -0.441334 -0.029039
vn -0.958107 0.101912 -0.267668
vn -0.958107 0.101912 -0.267668
vn -0.958106 0.101912 -0.267668
vn -0.675201 -0.474311 0.564918
vn -0.675201 -0.474311 0.564918
vn -0.675201 -0.474311 0.564918
vn -0.575951 -0.232740 -0.783653
vn -0.575951 -0.232740 -0.783653
vn -0.575951 -0.232740 -0.783653
vn -0.760444 0.304692 -0.573487
vn -0.760444 0.304692 -0.573487
vn -0.760444 0.304692 -0.573487
vn -0.912818 -0.151911 -0.379060
vn -0.912818 -0.151911 -0.379060
vn -0.912818 -0.151911 -0.379060
vn -0.759205 0.286604 -0.584350
vn -0.759205 0.286604 -0.584350
vn -0.759205 0.286604 -0.584350
vn -0.654398 -0.529320 -0.539986
vn -0.654398 -0.529320 -0.539986
vn -0.654398 -0.529320 -0.539986
vn -0.508785 -0.828469 -0.234046
vn -0.508785 -0.828469 -0.234046
vn -0.508785 -0.828469 -0.234046
vn 0.095933 -0.967423 -0.234285
vn 0.095933 -0.967423 -0.234285
vn 0.095933 -0.967423 -0.234285
vn -0.316439 0.151077 -0.936505
vn -0.316439 0.151077 -0.936505
vn -0.316439 0.151077 -0.936505
vn -0.196259 -0.520275 -0.831141
vn -0.196259 -0.520275 -0.831141
vn -0.196259 -0.520275 -0.831141
vn -0.141068 -0.092767 -0.985644
vn -0.141068 -0.092767 -0.985644
vn -0.141068 -0.092767 -0.985644
vn -0.820180 -0.328947 -0.468080
vn -0.820180 -0.328947 -0.468080
vn -0.820180 -0.328947 -0.468080
vn -0.711554 0.648859 -0.269580
vn -0.711554 0.648859 -0.269580
vn -0.711554 0.648859 -0.269580
vn -0.311200 -0.345674 -0.885248
vn -0.311200 -0.345674 -0.885248
vn -0.311200 -0.345674 -0.885248
vn -0.587190 0.754919 0.292070
vn -0.587190 0.754919 0.292070
vn -0.587190 0.754919 0.292070
vn -0.452594 0.667402 -0.591382
vn -0.452594 0.667402 -0.591382
vn -0.452594 0.667402 -0.591382
vn -0.447749 -0.830851 0.330466
vn -0.447749 -0.830851 0.330466
vn -0.447749 -0.830851 0.330466
vn -0.911658 -0.378540 -0.159960
vn -0.911658 -0.378540 -0.159960
vn -0.911658 -0.378540 -0.159960
vn -0.394733 -0.015521 -0.918665
vn -0.394733 -0.015521 -0.918665
vn -0.394733 -0.015521 -0.918665
vn -0.400805 0.026875 -0.915769
vn -0.400805 0.026875 -0.915769
vn -0.400805 0.026875 -0.915769
vn -0.649145 -0.308681 -0.695217
vn -0.649145 -0.308681 -0.695217
vn -0.649145 -0.308681 -0.695217
vn -0.648957 0.210805 -0.731038
vn -0.648957 0.210805 -0.731038
vn -0.648957 0.210805 -0.731038
vn -0.466759 -0.416107 -0.780379
vn -0.466759 -0.416107 -0.780379
vn -0.466759 -0.416107 -0.780379
vn -0.152051 -0.988259 0.014979
vn -0.152051 -0.988259 0.014979
vn -0.152051 -0.988259 0.014979
vn -0.858367 -0.480645 -0.179406
vn -0.858367 -0.480645 -0.179406
vn -0.858367 -0.480645 -0.179406
vn -0.630209 0.207784 -0.748106
vn -0.630209 0.207784 -0.748106
vn -0.630209 0.207784 -0.748106
vn -0.576705 -0.213895 -0.788455
vn -0.576705 -0.213895 -0.788455
vn -0.576705 -0.213895 -0.788455
vn -0.994213 0.045731 -0.097203
vn -0.994213 0.045731 -0.097203
vn -0.994213 0.045731 -0.097203
vn -0.811258 -0.283799 -0.511193
vn -0.811258 -0.283799 -0.511193
vn -0.811258 -0.283799 -0.511193
vn -0.545320 0.332581 -0.769426
vn -0.545320 0.332581 -0.769426
vn -0.545320 0.332581 -0.769426
vn -0.391444 -0.833488 -0.389961
vn -0.391444 -0.833488 -0.389961
vn -0.391444 -0.833488 -0.389961
vn -0.388370 0.026579 -0.921120
vn -0.388370 0.026579 -0.921120
vn -0.388370 0.026579 -0.921120
vn -0.670933 -0.008683 -0.741467
vn -0.670933 -0.008683 -0.741467
vn -0.670933 -0.008683 -0.741467
vn -0.547378 -0.216461 -0.808407
vn -0.547378 -0.216461 -0.808407
vn -0.547378 -0.216461 -0.808407
vn -0.593376 0.334359 -0.732195
vn -0.593375 0.334359 -0.732195
vn -0.593376 0.334359 -0.732195
vn -0.801211 0.513329 -0.307498
vn -0.801211 0.513329 -0.307498
vn -0.801211 0.513329 -0.307498
vn -0.587612 -0.116130 -0.800766
vn -0.587612 -0.116130 -0.800766
vn -0.587612 -0.116130 -0.800766
vn -0.610413 -0.027278 -0.791614
vn -0.610413 -0.027278 -0.791613
vn -0.610413 -0.027278 -0.791613
vn -0.661436 0.159218 -0.732906
vn -0.661436 0.159218 -0.732906
vn -0.661436 0.159218 -0.732906
vn 0.681813 -0.596469 -0.423503
vn 0.681813 -0.596469 -0.423503
vn 0.681813 -0.596469 -0.423503
vn -0.634998 -0.076410 -0.768725
vn -0.634998 -0.076410 -0.768725
vn -0.634998 -0.076410 -0.768725
vn 0.649562 -0.657275 -0.382177
vn 0.649562 -0.657275 -0.382176
vn 0.649562 -0.657275 -0.382176
vn 0.655800 -0.728659 0.197440
vn 0.655800 -0.728659 0.197440
vn 0.655800 -0.728659 0.197440
vn -0.659008 -0.472586 -0.585125
vn -0.659008 -0.472586 -0.585125
vn -0.659008 -0.472586 -0.585125
vn -0.915406 0.009738 -0.402414
vn -0.915406 0.009738 -0.402414
vn -0.915406 0.009738 -0.402414
vn -0.949177 -0.253048 -0.187165
vn -0.949177 -0.253048 -0.187165
vn -0.949177 -0.253048 -0.187165
vn -0.847736 -0.363690 -0.386099
vn -0.847736 -0.363690 -0.386099
vn -0.847736 -0.363690 -0.386099
vn -0.667659 -0.533079 -0.519671
vn -0.667659 -0.533079 -0.519671
vn -0.667659 -0.533079 -0.519671
vn -0.715422 0.635461 0.290448
vn -0.715422 0.635461 0.290448
vn -0.715422 0.635461 0.290448
vn -0.717668 -0.100086 -0.689155
vn -0.717668 -0.100086 -0.689155
vn -0.717668 -0.100086 -0.689155
vn -0.805273 0.581557 0.115445
vn -0.805273 0.581557 0.115444
vn -0.805273 0.581557 0.115445
vn -0.361315 0.246617 -0.899239
vn -0.361315 0.246617 -0.899239
vn -0.361315 0.246617 -0.899239
vn -0.950393 -0.306954 0.050331
vn -0.950393 -0.306953 0.050331
vn -0.950393 -0.306954 0.050331
vn -0.748535 -0.461225 -0.476410
vn -0.748535 -0.461225 -0.476410
vn -0.748535 -0.461225 -0.476410
vn -0.972170 0.231122 0.038327
vn -0.972170 0.231122 0.038327
vn -0.972170 0.231122 0.038327
vn -0.986359 0.071589 -0.148226
vn -0.986359 0.071589 -0.148226
vn -0.986359 0.071589 -0.148226
vn -0.817881 -0.017543 -0.575120
vn -0.817881 -0.017543 -0.575120
vn -0.817881 -0.017543 -0.575120
vn -0.983714 0.172289 -0.051220
vn -0.983714 0.172289 -0.051220
vn -0.983714 0.172289 -0.051220
vn -0.169591 0.608393 -0.775304
vn -0.169591 0.608393 -0.775304
vn -0.169591 0.608393 -0.775304
vn 0.037094 -0.999204 0.014677
vn 0.037094 -0.999204 0.014677
vn 0.037094 -0.999204 0.014677
vn 0.036713 -0.999190 0.016456
vn 0.036713 -0.999190 0.016456
vn 0.036713 -0.999190 0.016456
vn 0.492821 -0.869808 -0.023692
vn 0.492821 -0.869808 -0.023692
vn 0.492821 -0.869808 -0.023692
vn 0.063342 -0.946088 0.317657
vn 0.063342 -0.946088 0.317657
vn 0.063342 -0.946088 0.317657
vn -0.859898 -0.102037 0.500164
vn -0.859898 -0.102037 0.500163
vn -0.859898 -0.102037 0.500163
vn 0.483698 -0.520120 0.703926
vn 0.483698 -0.520120 0.703926
vn 0.483698 -0.520120 0.703926
vn -0.273329 0.919207 0.283459
vn -0.273329 0.919208 0.283459
vn -0.273329 0.919207 0.283459
vn 0.277404 -0.949551 0.146287
vn 0.277404 -0.949551 0.146287
vn 0.277404 -0.949551 0.146287
vn 0.066183 -0.969307 0.236780
vn 0.066183 -0.969307 0.236780
vn 0.066183 -0.969307 0.236780
vn -0.392102 -0.751116 -0.531113
vn -0.392102 -0.751116 -0.531113
vn -0.392102 -0.751116 -0.531113
vn 0.199979 -0.968585 -0.147821
vn 0.199979 -0.968585 -0.147821
vn 0.199979 -0.968585 -0.147821
vn -0.450759 -0.831924 0.323603
vn -0.450759 -0.831924 0.323603
vn -0.450759 -0.831924 0.323603
vn 0.288505 -0.941397 -0.174746
vn 0.288505 -0.941397 -0.174746
vn 0.288505 -0.941397 -0.174746
vn 0.031730 -0.990652 -0.132674
vn 0.031730 -0.990652 -0.132674
vn 0.031730 -0.990652 -0.132674
vn -0.067092 -0.819447 0.569214
vn -0.067092 -0.819447 0.569214
vn -0.067092 -0.819447 0.569214
vn -0.021844 -0.980811 0.193732
vn -0.021844 -0.980811 0.193732
vn -0.021844 -0.980811 0.193732
vn 0.125475 -0.990576 0.054911
vn 0.125475 -0.990576 0.054911
vn 0.125475 -0.990576 0.054911
vn 0.616728 -0.785215 0.055536
vn 0.616728 -0.785215 0.055536
vn 0.616728 -0.785215 0.055536
vn -0.163373 -0.775213 0.610209
vn -0.163373 -0.775213 0.610208
vn -0.163373 -0.775213 0.610209
vn -0.408636 -0.875370 0.258350
vn -0.408636 -0.875370 0.258350
vn -0.408636 -0.875370 0.258350
vn 0.061132 -0.949767 -0.306930
vn 0.061132 -0.949767 -0.306930
vn 0.061131 -0.949767 -0.306930
vn 0.281872 -0.938997 -0.197061
vn 0.281871 -0.938997 -0.197061
vn 0.281872 -0.938997 -0.197061
vn 0.061743 -0.997864 0.021332
vn 0.061743 -0.997864 0.021332
vn 0.061743 -0.997864 0.021332
vn -0.350710 -0.871079 0.343837
vn -0.350710 -0.871079 0.343837
vn -0.350710 -0.871079 0.343837
vn 0.225596 -0.964971 -0.133929
vn 0.225596 -0.964971 -0.133929
vn 0.225596 -0.964971 -0.133929
vn 0.226812 -0.341219 0.912209
vn 0.226813 -0.341219 0.912209
vn 0.226813 -0.341219 0.912209
vn -0.097158 -0.924950 -0.367461
vn -0.097158 -0.924950 -0.367461
vn -0.097158 -0.924950 -0.367461
vn 0.420644 -0.776181 0.469682
vn 0.420644 -0.776181 0.469682
vn 0.420644 -0.776181 0.469682
vn 0.611618 -0.783309 0.111132
vn 0.611618 -0.783309 0.111132
vn 0.611618 -0.783309 0.111132
vn 0.369158 -0.929263 0.013867
vn 0.369158 -0.929263 0.013867
vn 0.369158 -0.929263 0.013867
vn 0.203547 -0.872786 -0.443637
vn 0.203547 -0.872786 -0.443637
vn 0.203547 -0.872786 -0.443637
vn 0.062167 -0.997892 0.018609
vn 0.062167 -0.997892 0.018609
vn 0.062167 -0.997892 0.018609
vn -0.703843 -0.586894 0.400200
vn -0.703843 -0.586894 0.400200
vn -0.703843 -0.586894 0.400200
vn -0.634671 -0.721237 0.277506
vn -0.634671 -0.721237 0.277506
vn -0.634671 -0.721237 0.277506
vn 0.095625 -0.994931 -0.031120
vn 0.095625 -0.994931 -0.031120
vn 0.095625 -0.994931 -0.031120
vn -0.348659 -0.518811 0.780559
vn -0.348659 -0.518811 0.780559
vn -0.348659 -0.518811 0.780559
vn 0.177638 -0.974989 0.133572
vn 0.177638 -0.974989 0.133572
vn 0.177638 -0.974989 0.133572
vn 0.166301 -0.976569 0.136594
vn 0.166301 -0.976569 0.136594
vn 0.166301 -0.976569 0.136594
vn 0.369317 -0.866685 -0.335355
vn 0.369317 -0.866685 -0.335355
vn 0.369317 -0.866685 -0.335355
vn -0.287539 -0.769123 0.570764
vn -0.287539 -0.769123 0.570764
vn -0.287539 -0.769123 0.570764
vn -0.440253 -0.881216 0.172147
vn -0.440253 -0.881216 0.172147
vn -0.440253 -0.881216 0.172147
vn -0.166690 -0.665348 0.727685
vn -0.166690 -0.665348 0.727685
vn -0.166690 -0.665348 0.727685
vn -0.291685 0.565965 0.771106
vn -0.291685 0.565965 0.771106
vn -0.291685 0.565965 0.771106
vn 0.306546 -0.898176 0.315135
vn 0.306546 -0.898176 0.315135
vn 0.306546 -0.898176 0.315135
vn -0.085131 -0.041547 0.995503
vn -0.085131 -0.041547 0.995503
vn -0.085131 -0.041547 0.995503
vn -0.185219 -0.928689 0.321296
vn -0.185219 -0.928689 0.321296
vn -0.185219 -0.928689 0.321296
vn -0.021650 -0.999056 -0.037676
vn -0.021650 -0.999056 -0.037676
vn -0.021650 -0.999056 -0.037676
vn 0.422778 -0.891436 0.163098
vn 0.422778 -0.891436 0.163098
vn 0.422778 -0.891436 0.163098
vn 0.004423 -0.916152 -0.400807
vn 0.004424 -0.916152 -0.400807
vn 0.004423 -0.916152 -0.400807
vn -0.159560 -0.683997 0.711821
vn -0.159560 -0.683997 0.711821
vn -0.159560 -0.683997 0.711821
vn -0.154253 -0.943400 -0.293603
vn -0.154253 -0.943400 -0.293603
vn -0.154253 -0.943400 -0.293603
vn -0.008210 -0.999823 -0.016931
vn -0.008210 -0.999823 -0.016931
vn -0.008210 -0.999823 -0.016931
vn -0.013744 -0.961171 0.275610
vn -0.013744 -0.961171 0.275610
vn -0.013744 -0.961171 0.275610
vn -0.033542 -0.996618 0.075015
vn -0.033542 -0.996618 0.075015
vn -0.033542 -0.996618 0.075015
vn -0.136460 -0.979648 0.147200
vn -0.136460 -0.979648 0.147200
vn -0.136460 -0.979648 0.147200
vn 0.102266 -0.767419 0.632938
vn 0.102266 -0.767419 0.632938
vn 0.102266 -0.767419 0.632938
vn 0.664166 -0.321369 0.674986
vn 0.664166 -0.321369 0.674986
vn 0.664166 -0.321369 0.674986
vn 0.056705 -0.994016 0.093368
vn 0.056705 -0.994016 0.093368
vn 0.056705 -0.994016 0.093368
vn -0.016586 -0.998856 0.044854
vn -0.016586 -0.998856 0.044854
vn -0.016586 -0.998856 0.044854
vn 0.929571 0.200800 0.309155
vn 0.929571 0.200800 0.309155
vn 0.929571 0.200800 0.309155
vn 0.473757 -0.554996 0.683765
vn 0.473757 -0.554996 0.683765
vn 0.473757 -0.554996 0.683765
vn 0.018716 -0.999550 -0.023455
vn 0.018716 -0.999550 -0.023455
vn 0.018716 -0.999550 -0.023455
vn -0.756363 -0.150256 0.636662
vn -0.756363 -0.150256 0.636662
vn -0.756363 -0.150256 0.636662
vn 0.229877 -0.967866 0.101947
vn 0.229877 -0.967866 0.101947
vn 0.229877 -0.967865 0.101947
vn 0.039552 -0.998894 -0.025431
vn 0.039552 -0.998894 -0.025431
vn 0.039552 -0.998894 -0.025431
vn 0.265504 -0.937453 -0.225144
vn 0.265504 -0.937453 -0.225144
vn 0.265504 -0.937453 -0.225145
vn -0.221251 -0.974163 -0.045319
vn -0.221251 -0.974163 -0.045319
vn -0.221251 -0.974163 -0.045319
vn -0.076372 -0.996677 0.028343
vn -0.076372 -0.996677 0.028343
vn -0.076372 -0.996677 0.028343
vn 0.017461 -0.995510 0.093033
vn 0.017461 -0.995510 0.093033
vn 0.017461 -0.995510 0.093033
vn 0.033918 -0.990659 0.132076
vn 0.033918 -0.990659 0.132076
vn 0.033918 -0.990659 0.132076
vn 0.178662 -0.979841 0.089401
vn 0.178662 -0.979841 0.089401
vn 0.178662 -0.979841 0.089401
vn 0.167839 -0.980057 -0.106384
vn 0.167839 -0.980057 -0.106384
vn 0.167839 -0.980057 -0.106384
vn -0.854205 -0.402325 0.329345
vn -0.854205 -0.402325 0.329345
vn -0.854205 -0.402325 0.329345
vn 0.780382 -0.530970 -0.330266
vn 0.780382 -0.530970 -0.330266
vn 0.780382 -0.530970 -0.330266
vn 0.005717 -0.999655 0.025634
vn 0.005717 -0.999655 0.025634
vn 0.005717 -0.999655 0.025634
vn 0.898320 0.186883 0.397614
vn 0.898320 0.186883 0.397614
vn 0.898320 0.186883 0.397614
vn -0.111354 -0.967922 -0.225229
vn -0.111354 -0.967922 -0.225229
vn -0.111354 -0.967922 -0.225229
vn 0.098661 -0.949031 0.299345
vn 0.098661 -0.949031 0.299345
vn 0.098661 -0.949030 0.299345
vn 0.037830 -0.997516 0.059426
vn 0.037830 -0.997516 0.059426
vn 0.037830 -0.997516 0.059426
vn -0.016927 -0.981769 -0.189324
vn -0.016927 -0.981769 -0.189324
vn -0.016927 -0.981769 -0.189324
vn -0.061773 -0.983405 0.170582
vn -0.061773 -0.983405 0.170582
vn -0.061773 -0.983405 0.170582
vn -0.028293 -0.912270 0.408611
vn -0.028293 -0.912270 0.408611
vn -0.028293 -0.912270 0.408611
vn 0.085063 -0.969747 0.228813
vn 0.085063 -0.969747 0.228813
vn 0.085063 -0.969747 0.228813
vn 0.045250 0.962164 0.268688
vn 0.045250 0.962164 0.268688
vn 0.045250 0.962164 0.268688
vn 0.682810 -0.253607 0.685167
vn 0.682810 -0.253607 0.685167
vn 0.682810 -0.253607 0.685167
vn 0.212678 -0.974724 0.068418
vn 0.212678 -0.974724 0.068418
vn 0.212678 -0.974724 0.068418
vn -0.022830 -0.998966 -0.039313
vn -0.022830 -0.998966 -0.039313
vn -0.022830 -0.998966 -0.039313
g bunny:Mesh
f 152//1 2//2 156//3
f 86//4 37//5 30//6
f 3//7 104//8 5//9
f 37//10 96//11 30//12
f 224//13 1//14 105//15
f 105//16 8//17 10//18
f 1//19 8//20 105//21
f 156//22 16//23 19//24
f 8//25 58//26 10//27
f 71//28 155//29 75//30
f 50//31 11//32 6//33
f 108//34 38//35 225//36
f 2//37 97//38 16//39
f 38//40 108//41 109//42
f 28//43 68//44 18//45
f 125//46 110//47 129//48
f 7//49 11//50 50//51
f 18//52 68//53 39//54
f 97//55 20//56 16//57
f 28//58 34//59 27//60
f 15//61 22//62 57//63
f 109//64 31//65 38//66
f 189//67 211//68 122//69
f 31//70 36//71 38//72
f 43//73 38//74 36//75
f 40//76 94//77 39//78
f 34//79 28//80 18//81
f 3//82 111//83 123//84
f 2//85 16//86 156//87
f 35//88 31//89 29//90
f 12//91 35//92 29//93
f 20//94 85//95 43//96
f 248//97 117//98 73//99
f 61//100 93//101 84//102
f 31//103 35//104 36//105
f 3//106 106//107 111//108
f 36//109 20//110 43//111
f 21//112 94//113 17//114
f 106//115 12//116 111//117
f 12//118 32//119 35//120
f 68//121 40//122 39//123
f 5//124 50//125 6//126
f 32//127 41//128 35//129
f 35//130 41//131 36//132
f 106//133 32//134 12//135
f 41//136 20//137 36//138
f 75//139 155//140 87//141
f 124//142 25//143 30//144
f 92//145 141//146 82//147
f 39//148 21//149 41//150
f 106//151 114//152 32//153
f 17//154 20//155 41//156
f 114//157 106//158 5//159
f 83//160 95//161 90//162
f 13//163 28//164 27//165
f 250//166 249//167 78//168
f 94//169 19//170 16//171
f 5//172 6//173 114//174
f 16//175 17//176 94//177
f 123//178 111//179 126//180
f 154//181 119//182 163//183
f 154//184 188//185 187//186
f 17//187 16//188 20//189
f 130//190 136//191 70//192
f 156//193 19//194 135//195
f 53//196 15//197 57//198
f 114//199 6//200 14//201
f 14//202 13//203 27//204
f 250//205 247//206 249//207
f 41//208 21//209 17//210
f 14//211 27//212 24//213
f 27//214 34//215 24//216
f 6//217 11//218 14//219
f 14//220 11//221 13//222
f 67//223 40//224 68//225
f 61//226 84//227 55//228
f 59//229 53//230 72//231
f 38//232 8//233 1//234
f 8//235 65//236 58//237
f 64//238 63//239 22//240
f 49//241 65//242 8//243
f 63//244 67//245 60//246
f 57//247 60//248 233//249
f 49//250 8//251 38//252
f 208//253 71//254 75//255
f 47//256 58//257 65//258
f 46//259 123//260 242//261
f 127//262 249//263 247//264
f 38//265 43//266 49//267
f 48//268 47//269 65//270
f 74//271 52//272 69//273
f 49//274 48//275 65//276
f 3//277 123//278 46//279
f 7//280 62//281 66//282
f 66//283 68//284 28//285
f 37//286 130//287 96//288
f 7//289 60//290 62//291
f 162//292 71//293 208//294
f 54//295 63//296 64//297
f 146//298 61//299 55//300
f 43//301 85//302 49//303
f 85//304 48//305 49//306
f 126//307 103//308 120//309
f 44//310 115//311 51//312
f 60//313 67//314 62//315
f 104//316 3//317 46//318
f 5//319 45//320 50//321
f 62//322 67//323 68//324
f 233//325 60//326 50//327
f 22//328 60//329 57//330
f 75//331 87//332 59//333
f 72//334 75//335 59//336
f 91//337 59//338 87//339
f 84//340 47//341 69//342
f 146//343 55//344 73//345
f 66//346 28//347 13//348
f 22//349 63//350 60//351
f 69//352 55//353 84//354
f 54//355 26//356 150//357
f 208//358 75//359 72//360
f 67//361 63//362 98//363
f 73//364 55//365 52//366
f 13//367 7//368 66//369
f 62//370 68//371 66//372
f 60//373 7//374 50//375
f 69//376 52//377 55//378
f 67//379 94//380 40//381
f 54//382 64//383 145//384
f 53//385 59//386 15//387
f 160//388 74//389 69//390
f 45//391 233//392 50//393
f 145//394 26//395 54//396
f 112//397 107//398 33//399
f 103//400 126//401 125//402
f 146//403 117//404 175//405
f 26//406 76//407 77//408
f 99//409 136//410 141//411
f 124//412 30//413 9//414
f 30//415 96//416 9//417
f 34//418 18//419 41//420
f 130//421 89//422 141//423
f 33//424 124//425 142//426
f 246//427 112//428 33//429
f 121//430 103//431 128//432
f 33//433 25//434 124//435
f 145//436 169//437 76//438
f 141//439 136//440 130//441
f 233//442 221//443 57//444
f 76//445 26//446 145//447
f 42//448 153//449 143//450
f 128//451 103//452 125//453
f 54//454 150//455 88//456
f 161//457 164//458 162//459
f 123//460 126//461 120//462
f 177//463 77//464 76//465
f 249//466 81//467 79//468
f 164//469 169//470 162//471
f 78//472 249//473 79//474
f 164//475 76//476 169//477
f 56//478 98//479 63//480
f 69//481 47//482 48//483
f 13//484 11//485 7//486
f 69//487 48//488 85//489
f 79//490 95//491 78//492
f 54//493 56//494 63//495
f 15//496 59//497 91//498
f 81//499 90//500 79//501
f 15//502 91//503 22//504
f 64//505 91//506 87//507
f 64//508 22//509 91//510
f 145//511 64//512 87//513
f 93//514 23//515 84//516
f 99//517 141//518 92//519
f 2//520 160//521 97//522
f 47//523 84//524 82//525
f 95//526 99//527 23//528
f 82//529 58//530 47//531
f 84//532 92//533 82//534
f 160//535 85//536 97//537
f 83//538 133//539 95//540
f 160//541 69//542 85//543
f 97//544 85//545 20//546
f 58//547 113//548 10//549
f 99//550 92//551 84//552
f 143//553 178//554 137//555
f 58//556 82//557 113//558
f 88//559 56//560 54//561
f 23//562 99//563 84//564
f 90//565 80//566 83//567
f 94//568 67//569 98//570
f 56//571 88//572 98//573
f 79//574 90//575 95//576
f 19//577 94//578 98//579
f 240//580 89//581 86//582
f 150//583 135//584 88//585
f 88//586 19//587 98//588
f 39//589 41//590 18//591
f 107//592 25//593 33//594
f 88//595 135//596 19//597
f 183//598 4//599 175//600
f 180//601 181//602 179//603
f 114//604 116//605 32//606
f 32//607 34//608 41//609
f 14//610 24//611 114//612
f 83//613 132//614 133//615
f 242//616 123//617 100//618
f 111//619 110//620 126//621
f 123//622 120//623 100//624
f 116//625 24//626 34//627
f 99//628 95//629 133//630
f 224//631 105//632 89//633
f 29//634 111//635 12//636
f 24//637 116//638 114//639
f 29//640 110//641 111//642
f 109//643 112//644 226//645
f 146//646 73//647 117//648
f 185//649 44//650 51//651
f 105//652 10//653 113//654
f 73//655 52//656 74//657
f 107//658 108//659 25//660
f 34//661 32//662 116//663
f 73//664 74//665 248//666
f 185//667 42//668 102//669
f 112//670 108//671 107//672
f 185//673 144//674 42//675
f 113//676 141//677 89//678
f 219//679 103//680 121//681
f 108//682 225//683 25//684
f 82//685 141//686 113//687
f 109//688 108//689 112//690
f 5//691 106//692 3//693
f 125//694 129//695 128//696
f 105//697 113//698 89//699
f 249//700 90//701 81//702
f 127//703 138//704 90//705
f 90//706 138//707 80//708
f 134//709 127//710 247//711
f 127//712 134//713 138//714
f 138//715 132//716 80//717
f 102//718 143//719 137//720
f 158//721 148//722 152//723
f 167//724 137//725 178//726
f 137//727 167//728 139//729
f 139//730 102//731 137//732
f 138//733 134//734 132//735
f 172//736 139//737 167//738
f 189//739 118//740 119//741
f 172//742 167//743 118//744
f 243//745 46//746 242//747
f 86//748 89//749 37//750
f 126//751 110//752 125//753
f 189//754 122//755 118//756
f 104//757 46//758 243//759
f 37//760 89//761 130//762
f 101//763 70//764 134//765
f 44//766 142//767 115//768
f 134//769 133//770 132//771
f 133//772 136//773 99//774
f 86//775 30//776 25//777
f 131//778 142//779 44//780
f 87//781 155//782 145//783
f 191//784 206//785 205//786
f 122//787 129//788 179//789
f 133//790 134//791 70//792
f 124//793 115//794 142//795
f 131//796 33//797 142//798
f 118//799 167//800 163//801
f 218//802 234//803 216//804
f 121//805 122//806 217//807
f 128//808 129//809 122//810
f 131//811 246//812 33//813
f 136//814 133//815 70//816
f 23//817 93//818 4//819
f 96//820 70//821 9//822
f 130//823 70//824 96//825
f 128//826 122//827 121//828
f 246//829 131//830 241//831
f 77//832 149//833 186//834
f 191//835 194//836 200//837
f 152//838 151//839 159//840
f 150//841 158//842 135//843
f 158//844 150//845 147//846
f 150//847 26//848 186//849
f 156//850 158//851 152//852
f 145//853 155//854 169//855
f 216//856 234//857 228//858
f 78//859 95//860 23//861
f 216//862 228//863 220//864
f 216//865 220//866 209//867
f 157//868 182//869 143//870
f 2//871 152//872 159//873
f 144//874 151//875 148//876
f 78//877 183//878 250//879
f 90//880 249//881 127//882
f 158//883 147//884 148//885
f 250//886 183//887 160//888
f 183//889 74//890 160//891
f 160//892 140//893 170//894
f 140//895 51//896 170//897
f 118//898 163//899 119//900
f 156//901 135//902 158//903
f 144//904 51//905 140//906
f 151//907 144//908 159//909
f 160//910 159//911 140//912
f 153//913 157//914 143//915
f 4//916 93//917 61//918
f 186//919 26//920 77//921
f 160//922 2//923 159//924
f 152//925 148//926 151//927
f 153//928 149//929 157//930
f 150//931 186//932 147//933
f 4//934 61//935 146//936
f 159//937 144//938 140//939
f 115//940 9//941 101//942
f 71//943 169//944 155//945
f 164//946 168//947 76//948
f 131//949 181//950 180//951
f 162//952 169//953 71//954
f 131//955 44//956 181//957
f 9//958 70//959 101//960
f 134//961 247//962 101//963
f 101//964 250//965 160//966
f 42//967 144//968 148//969
f 181//970 44//971 184//972
f 144//973 185//974 51//975
f 179//976 184//977 139//978
f 180//979 179//980 129//981
f 228//982 234//983 230//984
f 177//985 149//986 77//987
f 165//988 168//989 164//990
f 76//991 168//992 177//993
f 179//994 139//995 172//996
f 122//997 172//998 118//999
f 161//1000 165//1001 164//1002
f 143//1003 102//1004 42//1005
f 186//1006 149//1007 153//1008
f 194//1009 213//1010 200//1011
f 124//1012 9//1013 115//1014
f 168//1015 174//1016 177//1017
f 174//1018 149//1019 177//1020
f 161//1021 163//1022 165//1023
f 153//1024 147//1025 186//1026
f 165//1027 166//1028 168//1029
f 243//1030 242//1031 234//1032
f 139//1033 185//1034 102//1035
f 148//1036 147//1037 153//1038
f 168//1039 166//1040 174//1041
f 183//1042 23//1043 4//1044
f 122//1045 179//1046 172//1047
f 176//1048 157//1049 149//1050
f 165//1051 163//1052 166//1053
f 174//1054 176//1055 149//1056
f 139//1057 184//1058 185//1059
f 166//1060 171//1061 174//1062
f 182//1063 157//1064 176//1065
f 51//1066 115//1067 170//1068
f 174//1069 171//1070 176//1071
f 161//1072 154//1073 163//1074
f 42//1075 148//1076 153//1077
f 229//1078 235//1079 218//1080
f 171//1081 182//1082 176//1083
f 235//1084 234//1085 218//1086
f 195//1087 194//1088 162//1089
f 163//1090 171//1091 166//1092
f 44//1093 185//1094 184//1095
f 175//1096 117//1097 248//1098
f 178//1099 171//1100 163//1101
f 181//1102 184//1103 179//1104
f 211//1105 217//1106 122//1107
f 178//1108 182//1109 171//1110
f 219//1111 120//1112 103//1113
f 101//1114 160//1115 170//1116
f 167//1117 178//1118 163//1119
f 183//1120 175//1121 248//1122
f 178//1123 143//1124 182//1125
f 175//1126 4//1127 146//1128
f 115//1129 101//1130 170//1131
f 227//1132 228//1133 230//1134
f 183//1135 78//1136 23//1137
f 45//1138 239//1139 232//1140
f 214//1141 45//1142 232//1143
f 72//1144 221//1145 199//1146
f 244//1147 104//1148 243//1149
f 231//1150 214//1151 232//1152
f 109//1153 226//1154 29//1155
f 202//1156 207//1157 210//1158
f 193//1159 195//1160 162//1161
f 214//1162 231//1163 213//1164
f 183//1165 248//1166 74//1167
f 233//1168 45//1169 214//1170
f 213//1171 236//1172 200//1173
f 195//1174 198//1175 194//1176
f 199//1177 207//1178 202//1179
f 213//1180 231//1181 223//1182
f 193//1183 162//1184 202//1185
f 233//1186 214//1187 207//1188
f 72//1189 53//1190 221//1191
f 25//1192 225//1193 86//1194
f 188//1195 194//1196 191//1197
f 162//1198 188//1199 161//1200
f 221//1201 233//1202 207//1203
f 236//1204 229//1205 200//1206
f 86//1207 225//1208 240//1209
f 208//1210 202//1211 162//1212
f 224//1213 89//1214 240//1215
f 208//1216 199//1217 202//1218
f 188//1219 191//1220 187//1221
f 224//1222 38//1223 1//1224
f 199//1225 221//1226 207//1227
f 198//1228 201//1229 194//1230
f 236//1231 237//1232 229//1233
f 246//1234 241//1235 173//1236
f 131//1237 180//1238 241//1239
f 237//1240 235//1241 229//1242
f 246//1243 173//1244 112//1245
f 45//1246 104//1247 239//1248
f 104//1249 244//1250 239//1251
f 72//1252 199//1253 208//1254
f 241//1255 245//1256 173//1257
f 129//1258 241//1259 180//1260
f 226//1261 112//1262 173//1263
f 83//1264 80//1265 132//1266
f 225//1267 224//1268 240//1269
f 219//1270 121//1271 217//1272
f 129//1273 245//1274 241//1275
f 200//1276 206//1277 191//1278
f 38//1279 224//1280 225//1281
f 101//1282 247//1283 250//1284
f 173//1285 245//1286 226//1287
f 214//1288 213//1289 212//1290
f 189//1291 196//1292 211//1293
f 129//1294 110//1295 245//1296
f 219//1297 217//1298 211//1299
f 194//1300 201//1301 213//1302
f 245//1303 110//1304 226//1305
f 221//1306 53//1307 57//1308
f 212//1309 213//1310 201//1311
f 219//1312 211//1313 196//1314
f 21//1315 39//1316 94//1317
f 110//1318 29//1319 226//1320
f 238//1321 237//1322 236//1323
f 120//1324 219//1325 100//1326
f 223//1327 236//1328 213//1329
f 188//1330 162//1331 194//1332
f 189//1333 203//1334 196//1335
f 196//1336 222//1337 219//1338
f 154//1339 189//1340 119//1341
f 219//1342 242//1343 100//1344
f 222//1345 230//1346 219//1347
f 187//1348 192//1349 189//1350
f 203//1351 189//1352 192//1353
f 197//1354 203//1355 192//1356
f 190//1357 192//1358 187//1359
f 187//1360 189//1361 154//1362
f 45//1363 5//1364 104//1365
f 188//1366 154//1367 161//1368
f 234//1369 219//1370 230//1371
f 234//1372 242//1373 219//1374
f 205//1375 204//1376 190//1377
f 209//1378 203//1379 197//1380
f 187//1381 205//1382 190//1383
f 220//1384 203//1385 209//1386
f 220//1387 215//1388 203//1389
f 31//1390 109//1391 29//1392
f 191//1393 205//1394 187//1395
f 200//1396 229//1397 206//1398

objectID 2
object_type 0
color 0 1 0
sphere 0 -5 0 4.9
objectID 3
object_type 0
color 0 1.5 1.5
sphere 0 0 0 1.5
objectID 4
object_type 1
shininess 1
color 1 1 1
sphere .35 .1 -.15 .3

light_samples 0
indirect_samples 8
bounces 1
indirect_bounces 1
